813
560
567
809
409
331
885
208
712
893
830
835
259
876
362
848
915
910
670
781
37
428
340
94
990
477
34
684
551
147
447
927
495
88
745
300
669
58
850
417
265
539
11
25
341
773
405
856
916
82
359
882
436
821
109
831
496
615
266
198
168
602
579
209
304
437
227
187
558
686
862
689
63
842
547
84
16
526
136
721
267
92
624
383
777
730
454
923
289
336
897
851
56
608
145
648
419
45
222
1000
404
262
5
590
805
320
458
700
775
944
312
996
392
228
814
264
472
288
638
966
215
244
984
69
662
878
704
128
243
480
35
578
486
426
744
716
95
652
344
384
566
126
224
455
613
440
772
742
214
534
764
464
375
356
488
925
248
976
600
873
865
57
22
845
793
205
42
574
318
702
52
887
740
774
723
796
806
299
936
348
370
97
444
557
941
606
572
10
363
780
272
328
501
952
40
172
457
343
492
818
734
159
511
197
790
132
407
161
476
462
703
282
978
533
531
432
158
387
220
812
410
930
904
548
308
65
709
748
284
30
713
697
231
833
391
506
242
867
346
546
413
155
164
880
588
435
994
140
654
81
431
329
28
960
287
720
584
537
157
894
677
582
762
107
72
449
23
614
738
142
295
922
195
736
315
41
513
213
596
310
875
366
460
992
655
801
647
556
983
345
945
616
580
15
452
759
746
408
414
175
788
726
219
280
334
202
907
62
163
268
517
250
138
749
234
446
400
854
380
188
771
934
512
623
115
296
271
439
896
127
80
651
478
54
309
7
599
758
632
381
6
382
241
924
398
490
321
784
55
594
297
527
87
640
390
424
278
571
105
71
823
820
301
678
60
870
961
785
508
741
895
630
779
611
323
122
743
369
230
683
423
333
841
562
256
979
956
182
194
8
523
339
747
710
51
732
3
226
957
530
148
591
46
802
725
193
564
59
855
75
420
125
167
303
29
800
453
618
360
980
843
692
379
706
18
120
469
251
484
203
951
782
693
4
358
101
947
36
635
43
563
680
217
305
415
468
470
807
399
96
162
824
355
491
968
33
675
276
247
763
586
995
645
908
102
74
822
416
754
313
751
388
789
246
906
705
939
553
621
425
727
112
38
258
825
808
67
123
129
549
131
550
524
767
731
21
482
325
177
114
332
260
792
44
445
314
595
905
184
121
24
281
576
967
605
199
552
729
698
601
840
626
681
565
857
997
667
371
240
286
625
559
938
886
459
985
928
418
868
664
520
888
354
277
633
538
443
610
467
673
627
694
494
765
752
483
86
412
270
981
776
982
962
185
372
668
707
750
657
542
291
701
892
949
891
196
609
352
948
76
516
257
216
361
100
965
364
643
898
883
798
797
971
504
861
403
263
32
292
434
433
999
130
499
753
245
166
85
768
769
442
717
913
50
844
347
795
545
869
836
955
19
921
393
659
283
165
612
622
671
119
156
233
871
485
402
688
212
899
451
438
849
106
641
628
543
661
811
108
365
914
2
946
810
498
316
150
656
17
463
221
322
253
829
385
31
837
255
555
153
252
787
117
357
285
110
368
631
918
889
154
718
973
604
137
639
646
874
649
953
218
509
89
660
832
489
353
890
587
585
83
311
422
104
306
942
544
232
583
804
441
653
932
367
66
134
658
206
943
581
143
176
330
799
481
79
238
237
113
335
617
461
827
337
479
598
974
474
307
275
715
998
430
529
73
522
395
839
989
279
401
642
900
568
91
975
739
690
118
487
160
756
858
954
711
977
521
593
959
133
969
853
846
881
254
465
970
319
719
448
394
14
223
816
589
933
171
493
302
174
817
180
665
525
505
766
877
940
146
629
78
912
389
691
47
592
644
497
53
783
290
229
931
235
204
682
49
828
13
294
863
396
879
519
958
510
406
324
111
919
540
860
503
269
124
456
991
201
191
173
636
27
350
937
674
317
189
573
786
239
737
794
471
261
450
724
151
964
152
607
569
728
672
554
273
1
373
298
864
859
637
210
778
679
20
815
791
386
64
575
597
179
532
93
803
70
722
183
696
620
338
144
351
186
327
755
847
963
986
377
502
926
141
515
342
427
972
687
761
708
9
685
397
852
68
903
326
190
650
77
274
884
103
987
149
570
225
181
376
374
911
733
61
169
12
901
902
819
200
39
249
909
760
514
834
293
663
135
541
826
577
929
714
695
421
211
48
507
473
619
99
236
770
917
666
429
528
866
90
170
116
535
676
475
466
378
349
699
935
950
536
561
207
920
735
993
139
634
603
411
178
500
838
988
872
98
518
26
757
192
